3
"p_{p}" "GeV/c" "p_{p}" "GeV/c"
"p_{mult}" "" "p_{mult}" ""
"bin number" "bin number" "" ""
13
"events"
1 1 4 1 2 3 6
1 0 0.25 0.325
3
0 1 1
1 1 2
2 1 3
"events"
1 1 5 1 2 3 4 6
1 0 0.325 0.4
4
3 1 1
4 1 2
5 1 3
6 1 4
"events"
1 1 5 1 2 3 4 6
1 0 0.4 0.45
4
7 1 1
8 1 2
9 1 3
10 1 4
"events"
1 1 5 1 2 3 4 6
1 0 0.45 0.5
4
11 1 1
12 1 2
13 1 3
14 1 4
"events"
1 1 5 1 2 3 4 6
1 0 0.5 0.55
4
15 1 1
16 1 2
17 1 3
18 1 4
"events"
1 1 5 1 2 3 4 6
1 0 0.55 0.6
4
19 1 1
20 1 2
21 1 3
22 1 4
"events"
1 1 5 1 2 3 4 6
1 0 0.6 0.65
4
23 1 1
24 1 2
25 1 3
26 1 4
"events"
1 1 5 1 2 3 4 6
1 0 0.65 0.7
4
27 1 1
28 1 2
29 1 3
30 1 4
"events"
1 1 5 1 2 3 4 6
1 0 0.7 0.75
4
31 1 1
32 1 2
33 1 3
34 1 4
"events"
1 1 5 1 2 3 4 6
1 0 0.75 0.8
4
35 1 1
36 1 2
37 1 3
38 1 4
"events"
1 1 4 1 2 3 6
1 0 0.8 0.85
3
39 1 1
40 1 2
41 1 3
"events"
1 1 4 1 2 3 6
1 0 0.85 0.9
3
42 1 1
43 1 2
44 1 3
"events"
1 2 46 0 1 2 3 4 5 6 7 8 9 10 11 12 13 14 15 16 17 18 19 20 21 22 23 24 25 26 27 28 29 30 31 32 33 34 35 36 37 38 39 40 41 42 43 44 45
0
45
0 1 1
1 1 2
2 1 3
3 1 4
4 1 5
5 1 6
6 1 7
7 1 8
8 1 9
9 1 10
10 1 11
11 1 12
12 1 13
13 1 14
14 1 15
15 1 16
16 1 17
17 1 18
18 1 19
19 1 20
20 1 21
21 1 22
22 1 23
23 1 24
24 1 25
25 1 26
26 1 27
27 1 28
28 1 29
29 1 30
30 1 31
31 1 32
32 1 33
33 1 34
34 1 35
35 1 36
36 1 37
37 1 38
38 1 39
39 1 40
40 1 41
41 1 42
42 1 43
43 1 44
44 1 45